﻿kreis,datumstd,datum,anzahlM,anzahlE,anzahlEM,verstorben,verstorbenE,verstorbenM,verstorbenMOhneSterbedatum,hospitalisiert,genesen,geimpftVollst,geimpftUnvollst,geimpftKA,r,anzahlMKumuliert,anzahlEKumuliert,hospitalisiertKumuliert,verstorbenKumuliert,verstorbenEKumuliert,verstorbenMKumuliert,verstorbenMOhneSterbedatumKumuliert,genesenKumuliert,krankKumuliert,geimpftVollstKumuliert,geimpftUnvollstKumuliert,geimpftKAKumuliert,anzahlM7Tage,anzahlE7Tage,verstorben7Tage,verstorbenE7Tage,verstorbenM7Tage,hospitalisiert7Tage,geimpftVollst7Tage,geimpftUnvollst7Tage,geimpftKA7Tage,rateMKumuliert,rateEKumuliert,anteilVerstorbenM,rateHospitalisiertKumuliert,rateVerstorbenKumuliert,anteilVerstorbenEKumuliert,anteilVerstorbenMKumuliert,rateM7Tage,rateE7Tage,rateHospitalisiert7Tage,rateVerstorben7Tage,anteilVerstorbenE7Tage,anteilVerstorbenM7Tage,anzahlMKumuliertVortag,rateM7TageVortag,verstorbenKumuliertVortag,anzahlEA70,anzahlEA80,anzahlEA90,verstorbenA70,verstorbenA80,verstorbenA90,genesenA70,genesenA80,genesenA90,anzahlEA70Kumuliert,anzahlEA80Kumuliert,anzahlEA90Kumuliert,verstorbenA70Kumuliert,verstorbenA80Kumuliert,verstorbenA90Kumuliert,genesenA70Kumuliert,genesenA80Kumuliert,genesenA90Kumuliert,krankA70Kumuliert,krankA80Kumuliert,krankA90Kumuliert
5334,2021-10-22,22.10.2021,77,47,14,0,0,0,0,0,40,32,36,9,,31339,31519,2195,617,620,620,0,30200,710,827,3421,27091,383,424,4,1,1,18,123,186,74,5630.121211,5662.458613,0.000000,394.336643,110.845425,1.967067,1.978366,68.806804,76.172545,3.233740,0.000000,0.235849,0.261097,31262,61.980019,617,2,0,0,0,0,0,1,0,1,1438,1458,481,142,253,122,1268,1188,356,30,17,3
5334,2021-10-23,23.10.2021,42,46,4,0,0,0,0,1,28,15,19,8,,31381,31569,2196,617,620,620,0,30200,730,842,3440,27099,395,435,4,1,1,18,132,186,77,5637.666605,5671.441224,0.000000,394.516295,110.845425,1.963952,1.975718,70.962631,78.148720,3.233740,0.000000,0.229885,0.253165,31339,68.806804,617,1,0,1,0,0,0,1,2,0,1439,1458,482,142,253,122,1269,1190,356,30,15,4
5334,2021-10-24,24.10.2021,7,74,1,0,0,0,0,2,21,0,6,1,,31388,31644,2198,617,620,620,0,30200,780,842,3446,27100,390,477,4,1,1,19,128,185,77,5638.924171,5684.915141,0.000000,394.875600,110.845425,1.959297,1.975277,70.064369,85.694113,3.413392,0.000000,0.209644,0.256410,31381,70.962631,617,3,4,0,0,0,0,1,0,0,1442,1462,482,142,253,122,1270,1190,356,30,19,4
5334,2021-10-25,25.10.2021,80,107,13,0,0,0,0,5,32,31,39,10,,31468,31764,2203,617,620,620,0,30300,870,873,3485,27110,433,515,3,0,0,21,149,214,70,5653.296349,5706.473409,0.000000,395.773861,110.845425,1.951895,1.970255,77.789415,92.520898,3.772697,0.000000,0.000000,0.000000,31388,70.064369,617,5,3,0,0,0,0,0,0,0,1447,1465,482,142,253,122,1270,1190,356,40,20,4
5334,2021-10-26,26.10.2021,148,66,22,0,0,0,0,0,42,47,83,18,,31616,31852,2203,617,620,620,0,30300,920,920,3568,27128,508,540,2,0,0,18,170,257,81,5679.884879,5722.282805,0.000000,395.773861,110.845425,1.946503,1.961032,91.263332,97.012204,3.233740,0.000000,0.000000,0.000000,31468,77.789415,617,6,0,1,0,0,0,0,1,0,1453,1465,483,142,253,122,1270,1191,356,40,20,5
5334,2021-10-27,27.10.2021,122,75,29,0,0,0,0,3,44,46,65,11,,31738,31956,2206,617,620,620,0,30400,980,966,3633,27139,566,571,1,0,0,17,199,288,79,5701.802451,5740.966637,0.000000,396.312818,110.845425,1.940168,1.953494,101.683162,102.581423,3.054088,0.000000,0.000000,0.000000,31616,91.263332,617,2,0,0,0,0,0,3,1,0,1455,1465,483,142,253,122,1273,1192,356,40,20,5
5334,2021-10-28,28.10.2021,142,61,30,1,0,0,0,4,37,49,77,16,,31880,32047,2210,618,620,620,0,30400,1000,1015,3710,27155,618,589,1,0,0,15,220,325,73,5727.313067,5757.314990,0.000000,397.031427,111.025078,1.934658,1.944793,111.025078,105.815163,2.694783,0.000000,0.000000,0.000000,31738,101.683162,617,4,5,0,1,0,0,0,1,1,1459,1470,483,143,253,122,1273,1193,357,40,20,4
5334,2021-10-29,29.10.2021,93,53,23,2,0,0,0,1,57,29,55,9,,31973,32123,2211,620,620,620,0,30500,1000,1044,3765,27164,634,604,3,0,0,16,217,344,73,5744.020725,5770.968559,0.000000,397.211079,111.384382,1.930081,1.939136,113.899513,108.509946,2.874436,0.000000,0.000000,0.000000,31880,111.025078,617,4,2,0,0,1,0,3,1,0,1463,1472,483,143,254,122,1276,1194,357,40,20,4
5334,2021-10-30,30.10.2021,77,53,15,0,0,0,0,0,39,26,43,8,,32050,32191,2211,620,620,620,0,30500,1100,1070,3808,27172,669,622,3,0,0,15,228,368,73,5757.853946,5783.184911,0.000000,397.211079,111.384382,1.926004,1.934477,120.187341,111.743687,2.694783,0.000000,0.000000,0.000000,31973,113.899513,618,6,2,0,0,0,0,0,1,0,1469,1474,483,143,254,122,1276,1195,357,50,30,4
5334,2021-10-31,31.10.2021,16,50,7,0,0,0,0,1,31,4,8,4,,32066,32248,2212,620,620,620,0,30500,1100,1074,3816,27176,678,604,3,0,0,14,232,370,76,5760.728382,5793.425088,0.000000,397.390731,111.384382,1.922600,1.933512,121.804211,108.509946,2.515131,0.000000,0.000000,0.000000,32050,120.187341,618,1,2,1,0,0,0,3,0,0,1470,1476,484,143,254,122,1279,1195,357,50,30,5
5334,2021-11-01,01.11.2021,9,43,1,0,0,0,0,1,80,3,4,2,,32075,32292,2213,620,620,620,0,30600,1100,1077,3820,27178,607,528,3,0,0,10,204,335,68,5762.345252,5801.329786,0.000000,397.570383,111.384382,1.919980,1.932970,109.048903,94.856377,1.796522,0.000000,0.000000,0.000000,32066,121.804211,618,2,1,1,0,0,0,2,4,1,1472,1477,485,143,254,122,1281,1199,358,50,20,5
5334,2021-11-02,02.11.2021,73,31,21,0,0,0,0,5,58,28,33,12,,32148,32344,2218,620,620,620,0,30700,1100,1105,3853,27190,532,492,3,0,0,15,185,285,62,5775.459865,5810.671702,0.000000,398.468644,111.384382,1.916893,1.928580,95.574986,88.388897,2.694783,0.000000,0.000000,0.000000,32075,109.048903,618,2,3,0,0,0,0,4,0,0,1474,1480,485,143,254,122,1285,1199,358,50,30,5
5334,2021-11-03,03.11.2021,225,24,72,0,0,0,0,1,71,72,125,28,,32373,32440,2219,620,620,620,0,30700,1100,1177,3978,27218,635,484,3,0,0,13,211,345,79,5815.881616,5827.918316,0.000000,398.648297,111.384382,1.911221,1.915176,114.079166,86.951679,2.335479,0.000000,0.000000,0.000000,32148,95.574986,618,2,6,2,0,0,0,0,2,0,1476,1486,487,143,254,122,1285,1201,358,50,30,7
5334,2021-11-04,04.11.2021,195,5,133,0,0,0,0,2,74,21,159,15,,32568,32578,2221,620,620,620,0,30800,1100,1198,4137,27233,688,531,2,0,0,11,183,427,78,5850.913801,5852.710323,0.000000,399.007601,111.384382,1.903125,1.903709,123.600734,95.395334,1.976175,0.000000,0.000000,0.000000,32376,114.618122,618,11,11,1,0,0,0,5,1,0,1487,1497,488,143,254,122,1290,1202,358,50,40,8
5334,2021-11-05,05.11.2021,63,0,53,0,0,0,0,0,106,1,56,6,,32631,32631,2221,620,620,620,0,30900,1100,1199,4193,27239,658,508,0,0,0,10,155,428,75,5862.231892,5862.231892,0.000000,399.007601,111.384382,1.900034,1.900034,118.211167,91.263332,1.796522,0.000000,0.000000,0.000000,32456,103.479684,618,3,2,1,0,0,0,2,0,1,1490,1499,489,143,254,122,1292,1202,359,60,40,8
