﻿kreis,datumstd,datum,anzahlM,anzahlE,anzahlEM,verstorben,verstorbenE,verstorbenM,verstorbenMOhneSterbedatum,hospitalisiert,genesen,geimpftVollst,geimpftUnvollst,geimpftKA,r,anzahlMKumuliert,anzahlEKumuliert,hospitalisiertKumuliert,verstorbenKumuliert,verstorbenEKumuliert,verstorbenMKumuliert,verstorbenMOhneSterbedatumKumuliert,genesenKumuliert,krankKumuliert,geimpftVollstKumuliert,geimpftUnvollstKumuliert,geimpftKAKumuliert,anzahlM7Tage,anzahlE7Tage,verstorben7Tage,verstorbenE7Tage,verstorbenM7Tage,hospitalisiert7Tage,geimpftVollst7Tage,geimpftUnvollst7Tage,geimpftKA7Tage,rateMKumuliert,rateEKumuliert,anteilVerstorbenM,rateHospitalisiertKumuliert,rateVerstorbenKumuliert,anteilVerstorbenEKumuliert,anteilVerstorbenMKumuliert,rateM7Tage,rateE7Tage,rateHospitalisiert7Tage,rateVerstorben7Tage,anteilVerstorbenE7Tage,anteilVerstorbenM7Tage,anzahlMKumuliertVortag,rateM7TageVortag,verstorbenKumuliertVortag,anzahlEA70,anzahlEA80,anzahlEA90,verstorbenA70,verstorbenA80,verstorbenA90,genesenA70,genesenA80,genesenA90,anzahlEA70Kumuliert,anzahlEA80Kumuliert,anzahlEA90Kumuliert,verstorbenA70Kumuliert,verstorbenA80Kumuliert,verstorbenA90Kumuliert,genesenA70Kumuliert,genesenA80Kumuliert,genesenA90Kumuliert,krankA70Kumuliert,krankA80Kumuliert,krankA90Kumuliert
5570,2021-10-22,22.10.2021,35,36,21,1,0,0,0,0,13,3,25,7,,13866,13952,1072,261,263,263,0,13200,460,333,1703,11830,235,317,3,2,2,8,15,168,52,4998.251729,5029.251992,0.000000,386.421885,94.082194,1.885034,1.896726,84.710021,114.268412,2.883745,0.000000,0.630915,0.851064,13831,82.186744,260,2,3,0,1,0,0,0,0,0,643,648,212,60,113,50,572,521,158,11,14,4
5570,2021-10-23,23.10.2021,43,17,5,0,0,0,0,3,14,10,33,0,,13909,13974,1075,261,263,263,0,13200,470,343,1736,11830,240,290,3,2,2,10,25,172,43,5013.751861,5037.182292,0.000000,387.503289,94.082194,1.882067,1.890862,86.512362,104.535771,3.604682,0.000000,0.689655,0.833333,13866,84.710021,261,2,1,1,0,0,0,0,0,0,645,649,213,60,113,50,572,521,158,13,15,5
5570,2021-10-24,24.10.2021,0,88,0,0,0,0,0,0,17,0,0,0,,13909,14062,1075,261,263,263,0,13300,540,343,1736,11830,240,362,3,1,2,10,25,172,43,5013.751861,5068.903492,,387.503289,94.082194,1.870289,1.890862,86.512362,130.489480,3.604682,0.000000,0.276243,0.833333,13909,86.512362,261,7,4,0,0,0,0,0,0,0,652,653,213,60,113,50,572,521,158,20,19,5
5570,2021-10-25,25.10.2021,46,135,2,0,1,0,0,5,22,11,35,0,,13955,14199,1080,261,264,263,0,13300,650,354,1771,11830,274,477,3,2,1,13,35,197,42,5030.333397,5118.287632,0.000000,389.305630,94.082194,1.859286,1.884629,98.768280,171.943320,4.686086,0.000000,0.419287,0.364964,13909,86.512362,261,5,4,2,0,0,0,0,1,0,657,657,215,60,113,50,572,522,158,30,20,7
5570,2021-10-26,26.10.2021,61,26,5,0,0,0,0,4,18,19,42,0,,14016,14230,1084,261,264,263,0,13300,670,373,1813,11830,298,479,3,2,1,17,47,213,38,5052.321956,5129.462145,0.000000,390.747503,94.082194,1.855235,1.876427,107.419516,172.664256,6.127959,0.000000,0.417537,0.335570,13955,98.768280,261,3,0,0,0,0,0,0,1,0,660,657,215,60,113,50,572,523,158,30,20,7
5570,2021-10-27,27.10.2021,83,22,0,0,1,0,0,6,32,29,54,0,,14099,14252,1090,261,265,263,0,13300,660,402,1867,11830,319,455,3,2,0,20,74,224,21,5082.240814,5137.392445,0.000000,392.910312,94.082194,1.859388,1.865381,114.989348,164.013020,7.209364,0.000000,0.439560,0.000000,14016,107.419516,261,2,0,0,0,0,0,0,1,0,662,657,215,60,113,50,572,524,158,30,20,7
5570,2021-10-28,28.10.2021,59,3,0,1,0,1,0,3,13,12,46,1,,14158,14255,1093,262,265,264,0,13300,640,414,1913,11831,327,360,2,2,1,21,84,235,8,5103.508437,5138.473850,1.694915,393.991716,94.442662,1.858997,1.864670,117.873094,129.768543,7.569832,0.000000,0.555556,0.305810,14099,114.989348,261,0,0,0,0,0,1,1,1,0,662,657,215,60,113,51,573,525,158,30,19,6
5570,2021-10-29,29.10.2021,47,8,1,0,0,0,0,3,6,26,21,0,,14205,14264,1096,262,265,264,0,13400,650,440,1934,11831,339,312,1,2,1,24,107,231,1,5120.450441,5141.718063,0.000000,395.073121,94.442662,1.857824,1.858501,122.198712,112.466071,8.651236,0.000000,0.641026,0.294985,14158,117.873094,262,0,0,0,0,0,0,0,0,1,662,657,215,60,113,51,573,525,159,30,19,5
5570,2021-10-30,30.10.2021,46,15,0,1,0,1,0,0,49,16,30,0,,14251,14279,1096,263,265,265,0,13400,610,456,1964,11831,342,305,2,2,2,21,113,228,1,5137.031977,5147.125086,2.173913,395.073121,94.803130,1.855872,1.859519,123.280116,109.942794,7.569832,0.000000,0.655738,0.584795,14205,122.198712,262,1,1,1,0,1,0,0,2,0,663,658,216,60,114,51,573,527,159,30,17,6
5570,2021-10-31,31.10.2021,0,24,0,0,0,0,0,0,14,0,0,0,,14251,14303,1096,263,265,265,0,13400,620,456,1964,11831,342,241,2,2,2,21,113,228,1,5137.031977,5155.776322,,395.073121,94.803130,1.852758,1.859519,123.280116,86.872830,7.569832,0.000000,0.829876,0.584795,14251,123.280116,263,1,0,0,0,0,0,0,0,0,664,658,216,60,114,51,573,527,159,30,17,6
5570,2021-11-01,01.11.2021,0,69,0,1,0,0,0,0,25,0,0,0,,14251,14372,1096,264,265,265,0,13400,670,456,1964,11831,296,173,3,1,2,16,102,193,1,5137.031977,5180.648626,,395.073121,95.163598,1.843863,1.859519,106.698580,62.360994,5.767491,0.000000,0.578035,0.675676,14251,123.280116,263,4,1,0,1,0,0,1,1,0,668,659,216,61,114,51,574,528,159,30,17,6
5570,2021-11-02,02.11.2021,36,112,4,0,0,0,0,3,33,19,16,1,,14287,14488,1099,264,265,265,0,13500,750,475,1980,11832,271,258,3,1,2,15,102,167,2,5150.008831,5222.462935,0.000000,396.154525,95.163598,1.829100,1.854833,97.686876,93.000789,5.407023,0.000000,0.387597,0.738007,14251,106.698580,264,3,2,1,0,0,0,0,0,0,671,661,217,61,114,51,574,528,159,40,19,7
5570,2021-11-03,03.11.2021,46,15,1,1,0,0,0,3,45,17,29,0,,14333,14504,1102,265,265,265,0,13500,720,492,2009,11832,234,252,4,0,2,12,90,142,2,5166.590368,5228.230426,0.000000,397.235930,95.524067,1.827082,1.848880,84.349553,90.837980,4.325618,0.000000,0.000000,0.854701,14287,97.686876,264,0,1,0,1,0,0,2,0,0,671,662,217,62,114,51,576,528,159,30,20,7
5570,2021-11-04,04.11.2021,105,2,3,0,0,0,0,4,96,44,61,0,,14438,14509,1106,265,265,265,0,13600,630,536,2070,11832,280,254,3,0,1,13,122,157,1,5204.439526,5230.032767,0.000000,398.677803,95.524067,1.826453,1.835434,100.931089,91.558917,4.686086,0.000000,0.000000,0.357143,14333,84.349553,264,0,1,0,0,0,0,2,3,0,671,663,217,62,114,51,578,531,159,30,18,7
5570,2021-11-05,05.11.2021,74,0,3,0,0,0,0,26,62,24,50,0,,14512,14512,1132,265,265,265,0,13700,570,560,2120,11832,307,248,3,0,1,36,120,186,1,5231.114171,5231.114171,0.000000,408.049975,95.524067,1.826075,1.826075,110.663730,89.396108,12.976854,0.000000,0.000000,0.325733,14439,101.291557,264,1,0,0,0,0,0,4,2,0,672,663,217,62,114,51,582,533,159,30,16,7
